00000
00007
00010
00011
00015
00019
00020
00021
00022
00023
00024
00025
00027
00028
00029
00032
00033
00034
00035
00036
00037
00038
00039
00040
00041
00043
00044
00045
00047
00048
00049
00050
00051
05000
05001
05002
05003
05004
05005
05006
05007
05008
05009
05010
05011
05012
05013
05014
05015
05016
05017
05018
05019
05020
05021
05022
05024
05025
05026
05027
05028
05029
05030
05031
05032
05033
05034
05035
05036
05037
05038
05039
05040
05041
05042
05043
05044
05045
05046
05047
05048
05049
05050
05051
05052
05053
05054
05055
05056
05057
05060
05061
05062
05063
05064
05065
05066
05067
05068
05069
05070
05071
05072
05073
05074
05075
05076
05077
05078
05079
05080
05081
05082
05083
05084
05085
05086
05087
05088
05089
05090
05091
05092
05093
05094
05095
05096
05097
05098
05099
05100
05101
05102
05103
05104
05105
05106
05107
05108
05109
05110
05111
05112
05113
05114
05115
05116
05117
05118
05119
05120
05121
05122
05123
05124
05125
05126
05127
05128
05129
05130
05131
05132
05133
05134
05135
05136
05137
05138
05139
05140
05141
05146
05147
05148
05149
05150
05151
05154
05155
05156
05157
05158
05159
05160
05161
05162
05163
05164
05165
05166
05167
05168
05169
05170
05171
05172
05173
05174
05175
05176
05177
05178
05180
05181
05194
05195
05196
05197
05198
05199
05200
05201
05202
05203
05204
05205
05206
05207
05208
05209
05212
05213
05217
05218
05219
05220
05221
05222
05223
05224
05229
05230
05231
05232
05233
05234
05235
05236
05237
05239
05240
05241
05242
05243
05244
05245
05246
05247
05248
05249
05250
05251
05252
05253
05254
05255
05256
05257
05258
05260
05261
05262
05263
05264
05265
05266
05267
05268
05269
05270
05271
05272
05273
05274
05275
05276
05277
05278
05279
05280
05281
05282
05283
05284
05285
05286
05287
05288
05289
05290
05291
05292
05293
05294
05295
05296
05297
05298
05299
05308
05309
05310
05311
05312
05313
05314
05315
05316
05317
05318
05319
05320
05321
05322
05323
05327
05328
05329
05330
05331
05332
05333
05334
05335
05336
05337
05338
05339
05340
05341
05342
05343
05344
05345
05346
05347
05348
05349
05350
05351
05352
05353
05354
05355
05356
05357
05358
05359
05360
05361
05362
05363
05364
05365
05366
05367
05368
05369
05370
05371
05372
05373
05374
05375
05376
05377
05378
05379
05500
05502
05503
05504
05505
05506
05507
05508
05509
05510
05511
05512
05513
05514
05515
05516
05517
05518
05521
05522
05523
05524
05525
05526
05528
05530
05531
05532
05533
05534
05535
05536
05537
05538
05539
05540
05541
05542
05543
05544
05545
05546
05547
05548
05549
05550
05551
05552
05553
05555
05556
05557
05558
05574
05575
08888
