# set muss immer auf eine hohe ting-id zeigen
# set <code-id> <last lower ting-id> <current high ting-id>
set 0 -1 4716
4
5
6
7
12
15
20
21
22
23
28
36
37
38
39
60
68
69
84
85
100
101
196
197
198
199
204
207
212
213
214
215
223
228
229
230
231
236
252
256
257
259
272
273
275
320
321
323
336
337
339
384
385
386
387
400
401
402
403
449
450
451
465
466
467
768
769
771
776
777
778
779
784
792
793
794
795
801
808
809
816
817
962
963
969
970
971
979
985
986
987
994
1001
1010
1011
1280
1297
1299
1305
1329
1331
1345
1347
1360
1368
1370
1392
1408
1410
1425
1427
1433
1435
1457
1459
1473
1475
1490
1498
1522
1542
1548
1549
1551
1565
1567
1596
1597
1604
1605
1606
1607
1612
1613
1615
1620
1622
1628
1660
1661
1670
1676
1677
1678
1679
1693
1695
1724
1725
1734
1740
1741
1742
1743
1750
1756
1758
1788
1789
1800
1802
1817
1819
1841
1993
1995
2010
2034
2100
2102
2108
2165
2293
2295
2304
2305
2307
2320
2330
2337
2339
2345
2352
2353
2355
2368
2369
2371
2385
2387
2393
2395
2400
2408
2416
2417
2419
2434
2435
2450
2456
2458
2465
2467
2473
2480
2481
2482
2483
2498
2499
2515
2521
2530
2545
2546
2547
2572
2573
2575
2605
2614
2620
2621
2636
2637
2639
2660
2662
2668
2676
2677
2678
2679
2684
2685
2702
2703
2733
2742
2748
2749
2766
2767
2790
2796
2806
2812
2813
2825
2827
2840
2842
2857
2864
2872
3018
3035
3059
3065
3076
3077
3078
3079
3084
3087
3092
3093
3094
3095
3103
3108
3109
3110
3111
3116
3124
3125
3126
3127
3132
3140
3141
3156
3157
3172
3173
3188
3189
3270
3271
3276
3279
3286
3287
3292
3300
3301
3302
3303
3316
3317
3318
3319
3324
3328
3329
3331
3344
3345
3347
3360
3361
3363
3376
3377
3379
3392
3393
3395
3408
3409
3411
3424
3425
3427
3440
3441
3443
3458
3459
3474
3475
3488
3489
3490
3491
3504
3505
3506
3507
3522
3523
3538
3539
3553
3554
3555
3569
3570
3571
3848
3849
3850
3851
3864
3865
3866
3867
3880
3881
3888
3889
3891
3896
3897
4042
4043
4058
4059
4073
4082
4083
4089
4096
4097
4099
4112
4120
4121
4122
4123
4129
4131
4136
4137
4144
4145
4147
4357
4358
4373
4374
4423
4439
5382
5388
5397
5407
5447
5455
6168
6170
6185






# set muss immer auf eine hohe ting-id zeigen
# set <code-id> <last lower ting-id> <current high ting-id>
set    10894 609 15000
11264
11265
11267
11268
11269
11270
11271
11276
11279
11284
11285
11286
11287
11288
11289
11290
11291
11295
11297
11299
11300
11301
11302
11303
11304
11305
11308
11312
11313
11315
11316
11317
11318
11319
11324
11395
11399
11415
11427
11431
11443
11447
11458
11459
11462
11463
11468
11471
11478
11479
11480
11481
11482
11483
11484
11488
11490
11492
11493
11494
11495
11496
11497
11504
11505
11506
11507
11508
11509
11510
11511
11516
11520
11523
11536
11539
11552
11555
11568
11571
11587
11603
11619
11635
11651
11667
11683
11699
11715
11731
11747
11763
12292
12293
12294
12295
12300
12303
12308
12309
12310
12311
12319
12324
12325
12326
12327
12332
12348
12419
12423
12439
12451
12455
12467
12480
12481
12482
12483
12484
12485
12486
12487
12492
12495
12497
12499
12500
12501
12502
12503
12504
12505
12506
12507
12508
12512
12514
12516
12517
12518
12519
12520
12521
12528
12529
12530
12531
12540
12544
12545
12547
12560
12561
12563
12611
12627
12675
12679
12691
12695
12737
12738
12739
12741
12742
12753
12754
12755
12757
12758
13056
13057
13059
13061
13062
13063
13064
13065
13066
13067
13068
13069
13071
13073
13075
13077
13078
13079
13080
13081
13082
13083
13084
13088



