#
#    Copyright (C) 2015   Martin Dames <martin@bastionbytes.de>
#  
#    This program is free software; you can redistribute it and/or modify
#    it under the terms of the GNU General Public License as published by
#    the Free Software Foundation; either version 2 of the License, or
#    (at your option) any later version.
#
#    This program is distributed in the hope that it will be useful,
#    but WITHOUT ANY WARRANTY; without even the implied warranty of
#    MERCHANTABILITY or FITNESS FOR A PARTICULAR PURPOSE.  See the
#    GNU General Public License for more details.
#
#    You should have received a copy of the GNU General Public License along
#    with this program; if not, write to the Free Software Foundation, Inc.,
#    51 Franklin Street, Fifth Floor, Boston, MA 02110-1301 USA.
#
#
#
#    PLEASE DO NOT CHANGE THIS FILE! IF YOU WANT TO ADD YOUR OWN CODES
#    PLEASE CONTACT martin@bastionbytes.de
#    IF THERE IS AN ERROR IN THIS FILE IT'S NEARLY IMPOSSIBLE TO FIND!
#

4
5
6
7
12
15
20
21
22
23
28
36
37
38
39
60
68
69
84
85
100
101
196
197
198
199
204
207
212
213
214
215
223
228
229
230
231
236
252
256
257
259
272
273
275
320
321
323
336
337
339
384
385
386
387
400
401
402
403
449
450
451
465
466
467
768
769
771
776
777
778
779
784
792
793
794
795
801
808
809
816
817
962
963
969
970
971
979
985
986
987
994
1001
1010
1011
1280
1297
1299
1305
1329
1331
1345
1347
1360
1368
1370
1392
1408
1410
1425
1427
1433
1435
1457
1459
1473
1475
1490
1498
1522
1542
1548
1549
1551
1565
1567
1596
1597
1604
1605
1606
1607
1612
1613
1615
1620
1622
1628
1660
1661
1670
1676
1677
1678
1679
1693
1695
1724
1725
1734
1740
1741
1742
1743
1750
1756
1758
1788
1789
1800
1802
1817
1819
1841
1993
1995
2010
2034
2100
2102
2108
2165
2293
2295
2304
2305
2307
2320
2330
2337
2339
2345
2352
2353
2355
2368
2369
2371
2385
2387
2393
2395
2400
2408
2416
2417
2419
2434
2435
2450
2456
2458
2465
2467
2473
2480
2481
2482
2483
2498
2499
2515
2521
2530
2545
2546
2547
2572
2573
2575
2605
2614
2620
2621
2636
2637
2639
2660
2662
2668
2676
2677
2678
2679
2684
2685
2702
2703
2733
2742
2748
2749
2766
2767
2790
2796
2806
2812
2813
2825
2827
2840
2842
2857
2864
2872
3018
3035
3059
3065
3076
3077
3078
3079
3084
3087
3092
3093
3094
3095
3103
3108
3109
3110
3111
3116
3124
3125
3126
3127
3132
3140
3141
3156
3157
3172
3173
3188
3189
3270
3271
3276
3279
3286
3287
3292
3300
3301
3302
3303
3316
3317
3318
3319
3324
3328
3329
3331
3344
3345
3347
3360
3361
3363
3376
3377
3379
3392
3393
3395
3408
3409
3411
3424
3425
3427
3440
3441
3443
3458
3459
3474
3475
3488
3489
3490
3491
3504
3505
3506
3507
3522
3523
3538
3539
3553
3554
3555
3569
3570
3571
3848
3849
3850
3851
3864
3865
3866
3867
3880
3881
3888
3889
3891
3896
3897
4042
4043
4058
4059
4073
4082
4083
4089
4096
4097
4099
4112
4120
4121
4122
4123
4129
4131
4136
4137
4144
4145
4147
4357
4358
4373
4374
4423
4439
5382
5388
5397
5407
5447
5455
6168
6170
6185
6192
6405
6406
6412
6415
6422
6428
6437
6453
6454
6460
6471
6479
6487
6495
6519
7168
7169
7171
7192
7193
7194
7195
7200
7208
7209
7216
7217
7219
7429
7430
7445
7446
7461
7462
7477
7478
7495
7511
7527
7543
8192
8193
8195
8209
8211
8216
8217
8218
8219
8224
8232
8233
8240
8241
8243
8323
8327
8339
8343
8359
8371
8384
8385
8386
8387
8388
8389
8390
8391
8396
8399
8400
8402
8404
8405
8406
8407
8408
8409
8410
8411
8415
8417
8419
8420
8421
8422
8423
8424
8425
8428
8432
8433
8434
8435
8444
8453
8454
8469
8470
8519
8535
8579
8583
8595
8599
8643
8645
8646
8659
8661
8662
9217
9219
9240
9242
9264
9347
9408
9410
9433
9435
9457
9459
9477
9478
9484
9487
9494
9500
9532
9543
9551
9559
9567
9607
9615
9619
9627
9651
9667
9669
9670
9676
9679
9685
9690
9695
9724
10240
10265
10267
10280
10289
10291
10292
10294
10300
10419
10435
10456
10458
10473
10480
10482
10485
10487
10496
10499
10502
10508
10512
10517
10522
10527
10531
10534
10537
10540
10544
10547
10549
10563
10567
10575
10579
10587
10599
10611
10627
10647
10655
10659
10675
10679
10691
10703
10707
10710
10713
10716
10725
10739
10742
10748
11264
11265
11267
11268
11269
11270
11271
11276
11279
11284
11285
11286
11287
11288
11289
11290
11291
11295
11297
11299
11300
11301
11302
11303
11304
11305
11308
11312
11313
11315
11316
11317
11318
11319
11324
11395
11399
11415
11427
11431
11443
11447
11458
11459
11462
11463
11468
11471
11478
11479
11480
11481
11482
11483
11484
11488
11490
11492
11493
11494
11495
11496
11497
11504
11505
11506
11507
11508
11509
11510
11511
11516
11520
11523
11536
11539
11552
11555
11568
11571
11587
11603
11619
11635
11651
11667
11683
11699
11715
11731
11747
11763
12292
12293
12294
12295
12300
12303
12308
12309
12310
12311
12319
12324
12325
12326
12327
12332
12348
12419
12423
12439
12451
12455
12467
12480
12481
12482
12483
12484
12485
12486
12487
12492
12495
12497
12499
12500
12501
12502
12503
12504
12505
12506
12507
12508
12512
12514
12516
12517
12518
12519
12520
12521
12528
12529
12530
12531
12540
12544
12545
12547
12560
12561
12563
12611
12627
12675
12679
12691
12695
12737
12738
12739
12741
12742
12753
12754
12755
12757
12758
13056
13057
13059
13061
13062
13063
13064
13065
13066
13067
13068
13069
13071
13073
13075
13077
13078
13079
13080
13081
13082
13083
13084
13088
13093
13096
13097
13101
13104
13105
13116
13117
13250
13251
13254
13255
13257
13258
13259
13260
13261
13262
13263
13266
13270
13271
13273
13274
13275
13277
13279
13283
13286
13287
13289
13292
13298
13299
13308
13309
13317
13319
13327
13332
13334
13372
13447
13508
13510
13516
13525
13527
13568
13569
13571
13584
13594
13616
13617
13619
13635
13651
13659
13683
13699
13719
13727
13747
13761
13762
13763
13765
13775
13777
13779
13782
13785
13788
13809
13810
13811
13820
13830
13833
13834
13836
13837
13839
13846
13849
13852
13872
13873
13884
13885
13891
13895
13899
13903
13911
13919
13963
13967
13979
14003
14018
14022
14026
14028
14029
14030
14031
14042
14045
14047
14066
14076
14077
14089
14091
14104
14106
14128
14141
14282
14297
14299
14323
14332
14340
14342
14348
14360
14362
14372
14374
14377
14384
14389
14391
14519
14535
14543
14553
14555
14565
14567
14568
14577
14579
14580
14582
14588
14592
14597
14598
14604
14607
14609
14611
14614
14617
14620
14624
14629
14641
14643
14645
14646
14652
14659
14663
14671
14679
14687
14691
14711
14727
14735
14739
14747
14759
14771
14775
14787
14790
14796
14799
14802
14810
14815
14817
14819
14822
14825
14828
14834
14837
14838
14844
14857
14858
14860
14874
14886
14889
14892
14896
14897
14899
14905
14909
14923
14927
14939
14951
14963
14987
15027
15050
15055
15074
15085
15090
15094
15100
15112
15114
15129
15131
15144
15153
15155
15158
15161
15164
15307
15322
15337
15346
15351
15357
15360
15361
15363
15364
15365
15366
15367
15372
15375
15380
15381
15382
15383
15384
15385
15386
15387
15388
15392
15396
15397
15398
15399
15400
15401
15408
15409
15411
15412
15413
15414
15415
15420
15491
15495
15511
15527
15539
15543
15554
15555
15558
15559
15564
15567
15574
15575
15576
15577
15578
15579
15583
15585
15587
15588
15589
15590
15591
15592
15593
15596
15600
15601
15602
15603
15604
15605
15606
15607
15612
15621
15622
15637
15638
15653
15654
15669
15670
15687
15703
15719
15735
15751
15767
15783
15799
15814
15830
15845
15846
15861
15862
16136
16137
16138
16139
16140
16141
16143
16152
16153
16154
16155
16157
16159
16166
16168
16169
16172
16176
16177
16179
16181
16182
16183
16184
16185
16188
16189
16330
16331
16334
16335
16346
16347
16350
16358
16361
16365
16370
16371
16374
16375
16377
16380
16381
16384
16385
16387
16400
16401
16403
16409
16410
16416
16417
16419
16425
16432
16433
16436
16448
16449
16464
16465
16480
16481
16496
16497
16576
16577
16578
16579
16592
16593
16594
16595
16601
16602
16608
16609
16610
16611
16617
16624
16625
16626
16627
16709
16725
16726
16774
16789
16790
17158






